400400461
400400462
400400463
400400464
400400465
400400466
400400467
400400468
400400469
400400470
400400471
400400472
400400473
400400474
400400475
400400476
400400477
400400478
400400479
400400480
400400481
400400482
400400483
400400484
400400485
400400486
400400487
400400488
400400489
400400490
400400491
400400492
400400493
400400494
400400495
400400496
400400497
400400498
400400499
400400500
400400501
400400502
400400503
400400504
400400505
400400506
400400507
400400509
400400510
400400511
400400512
400400513
400400514
400400515
400400516
400400517
400400518
400400519
400400520
400400521
400400522
400400523
400400524
400400525
400400526
400400527
400400528
400400529
400400530
400400531
400400532
400400533
400400534
400400535
400400536
400400540
400400537
400400538
400400539
400400541
400400542
400400543
400400544
400400545
400400546
400400547
400400548
400416028
400400549
400400550
400400551
400400552
400400553
400400554
400400555
400400556
400400557
400400558
400400559
400400560
400400561
400400562
400400563
400400564
400400565
400400566
400400567
400400568
400400569
400400570
400400508
400400571
400400572
400400573
400400574
400400575
400277721
400277722
400277723
400277724
400277725
400277726
400277727
400277728
400277729
400277730
400277731
400277732
400277733
400277734
400277735
400277736
400277737
400277738
400277739
400277740
400277741
400277742
400277743
400277744
400277745
400277746
400277747
400277748
400277749
400277750
400277751
400277752
400277753
400277754
400277755
400277756
400277757
400277758
400277759
400277760
400277761
400277762
400277763
400277764
400277765
400277766
400277767
400277768
400277769
400277770
400277771
400277772
400277773
400277774
400277775
400277776
400277777
400277778
400277779
400277780
400277781
400277782
400277783
400277784
400277785
400277786
400277787
400277788
400277789
400277790
400277791
400277792
400277793
400277794
400277795
400277796
400277797
400277798
400277799
400277800
400277801
400277802
400277803
400277804
400277805
400277806
400277807
400277808
400277809
400277810
400277811
400277812
400277813
400277814
400277815
400277816
400277817
400277818
400277819
400277820
400277821
400277822
400277823
400277824
400277825
400277826
400277827
400277828
400277829
400277830
400277831
400277832
400277833
400277834
400277835
400277836
400277837
400277838
400277839
400277840
400277841
400277842
400277844
400277843
400277845
400277846
400277847
400277848
400277849
400277850
400277851
400277853
400277854
400277855
400277856
400277857
400277852
400277858
400277859
400277860
400277861
400277862
400277863
400277864
400277865
400277866
400277867
400277868
400277869
400277870
400277871
400277872
400277873
400277874
400277875
400277876
400277877
400277878
400277879
400277880
400277881
400277882
400277883
400277884
400277885
400277886
400277887
400277888
400277889
400277890
400277891
400277892
400277893
400277894
400277895
400277896
400277897
400277898
400277899
400277900
400277901
400277902
400277903
400277904
400277905
400277906
400277907
400277908
400277909
400277910
400277911
400277912
400277913
400277914
400277915
400277916
400277917
400431053
400277918
400277919
400277920
400277921
400277922
400277923
400277924
400277925
400277926
400277927
400277928
400277929
400277930
400277931
400277932
400277933
400277934
400277935
400277936
400277937
400277938
400277939
400277940
400277941
400277942
400277943
400277944
400277945
400277946
400277947
400277948
400277949
400277950
400277951
400277952
400277953
400277954
400277955
400277956
400277957
400277958
400277959
400277960
400277961
400277962
400277963
400277964
400277965
400277966
400277967
400277968
400277969
400277970
400277971
400277972
400277973
400277974
400277975
400277976
400277977
400277978
400277979
400277981
400277980
400277982
400277983
400277984
400277985
400277986
400277987
400277988
400277989
400277990
400277991
400277992
400277993
400277994
400277995
400277996
400277997
400277998
400277999
400278000
400278001
400278002
400278003
400278004
400278005
400278006
400278007
400278008
400278009
400278010
400278011
400278012
400278013
400278014
400278015
400278016
400278017
400278018
400278019
400278020
400278021
400278022
400278023
400278024
400278025
400278026
400278027
400278028
400278029
400278030
400278031
400278032
400278033
400278034
400278035
400278036
400278037
400278038
400278039
400278040
400278041
400278042
400278043
400278044
400278045
400278046
400278047
400278050
400278048
400278049
400278051
400278052
400278053
400278054
400278055
400278057
400278056
400278058
400278059
400278060
400278061
400278062
400278063
400278064
400278065
400278066
400278067
400278068
400278069
400278070
400278071
400278072
400278073
400278074
400278075
400278076
400278077
400278078
400278079
400278080
400278081
400278082
400278083
400278084
400278085
400278086
400278087
400278088
400278089
400278090
400278091
400278092
400278093
400278094
400278095
400278096
400278097
400278098
400278099
400278100
400278101
400278102
400278103
400278104
400278105
400278106
400278107
400278108
400278109
400278110
400278111
400278112
400278113
400278114
400278115
400278116
400278117
400278118
400278119
400278120
400278121
400278122
400278123
400278124
400278125
400278126
400278127
400278128
400278129
400278133
400278130
400278131
400278132
400278134
400278135
400278136
400278137
400278138
400278139
400278140
400278141
400278142
400278143
400278144
400278145
400278146
400278147
400278148
400278149
400278150
400278151
400278152
400278153
400278154
400278155
400278156
400278157
400278158
400278159
400278160
400278161
400278162
400278163
400278164
400278165
400278166
400278167
400278168
400278169
400278170
400278171
400278172
400278173
400278174
400278175
400278177
400278176
400278178
400278179
400278180
400278181
400278182
400278183
400278184
400278185
400278186
400278187
400278188
400278189
400278190
400278191
400278192
400278193
400278194
400278195
400278196
400278197
400278198
400278199
400278200
400278202
400278201
400278203
400278204
400278205
400278206
400278207
400278208
400278209
400278210
400278211
400278212
400278213
400278214
400278215
400278216
400278217
400278218
400278219
400278220
400278221
400278222
400278223
400278224
400278225
400278226
400278227
400278228
400278229
400278230
400278231
400278232
400278233
400278234
400278235
400278236
400278237
400278238
400278239
400278240
400278241
400278242
400278243
400278244
400278245
400278246
400278247
400278248
400278249
400278250
400278251
400278252
400278253
400278254
400278255
400278256
400278257
400278258
400278259
400278260
400278261
400278262
400278263
400278264
400278265
400278266
400278267
400278268
400278269
400278270
400278271
400278272
400278273
400278274
400278275
400278276
400278277
400278278
400278279
400278280
400278281
400278282
400278283
400278284
400278285
400278286
400278287
400278288
400278289
400278290
400278291
400278292
400278293
400278294
400278295
400278296
400278297
400278298
400278299
400278300
400278301
400278302
400278303
400278304
400278305
400278306
400278307
400278308
400278309
400278310
400278311
400278312
400278313
400278314
400278315
400278316
400278317
400278318
400278319
400278320
400278321
400278322
400278323
400278324
400278325
400278326
400278327
400278328
400278329
400278330
400278331
400278332
400278333
400278334
400278335
400278336
400278337
400278338
400278339
400278340
400278341
400278342
400278343
400278344
400278345
400278346
400278347
400278348
400278349
400278350
400278351
400278352
400278353
400278354
400278355
400278356
400278357
400278358
400278359
400278360
400278361
400278362
400278363
400278364
400278365
400278366
400278367
400278368
400278369
400278370
400278371
400278372
400278373
400278374
400278375
400278376
400278377
400278378
400278379
400278380
400278381
400278382
400278383
400278384
400278385
400278386
400278387
400278388
400278389
400278390
400278391
400278392
400278393
400278394
400278395
400278396
400278397
400278398
400278399
400278400
400278401
400278402
400278403
400278404
400278405
400278406
400278407
400278408
400278409
400278410
400278411
400278412
400278413
400278414
400278415
400278416
400278417
400278418
400278419
400278420
400278421
400278422
400278423
400278424
400278425
400278426
400278427
400278428
400278429
400440940
400278430
400278431
400278432
400278433
400278434
400278435
400278436
400278437
400278438
400278439
400278440
400278441
400278442
400278443
400278444
400278445
400278446
400278447
400278448
400278449
400278450
400278451
400278452
400278453
400278454
400278455
400278456
400278457
400278458
400278459
400278460
400278461
400278462
400278463
400278464
400278465
400278466
400278467
400278468
400278469
400278470
400278471
400278472
400278473
400278474
400278475
400278476
400278477
400278478
400278479
400278480
400278481
400278482
400278483
400278484
400278485
400278486
400278487
400278488
400278489
400278490
400278491
400278492
400278493
400278494
400278495
400278496
400278497
400278498
400278499
400278500
400278501
400278502
400278503
400278504
400278505
400278506
400278507
400278508
400436572
400278509
400278510
400278511
400278512
400278513
400278514
400278515
400278516
400278517
400278518
400278519
400278521
400278520
400278522
400278523
400278524
400278525
400278526
400278527
400278528
400278529
400278530
400278531
400278532
400278533
400278534
400278535
400278536
400278537
400278538
400278539
400278540
400278541
400278542
400278543
400278544
400278545
400278546
400278547
400278548
400278549
400278550
400278552
400278553
400278554
400278551
400278555
400278556
400278557
400278558
400278559
400278560
400278561
400278562
400278563
400278564
400278565
400278566
400278567
400278568
400278569
400278570
400278571
400278572
400278574
400278573
400278575
400278576
400278577
400278578
400278579
400278580
400278581
400278582
400278583
400278584
400278585
400278586
400278587
400278589
400278588
400278590
400278591
400278592
400278593
400278594
400278595
400278596
400278597
400278598
400278599
400278600
400278601
400278602
400278603
400278604
400278605
400278606
400278607
400278608
400278609
400278610
400278611
400278612
400278613
400278614
400278615
400278616
400278617
400278618
400278619
400278620
400278621
400278622
400278623
400278624
400278625
400278626
400278627
400278628
400278629
400278630
400278631
400278632
400278633
400278634
400278635
400278636
400278638
400278639
400278640
400278637
400278641
400278642
400278643
400278644
400278645
400278646
400278647
400278648
400278649
400278650
400278651
400278652
400278653
400278654
400278655
400278656
400278657
400278658
400278659
400278660
400278661
400278662
400278663
400278664
400278665
400278666
400278667
400278668
400278669
400278670
400278671
400278672
400278673
400278674
400278675
400278676
400278677
400278678
400278679
400278680
400278681
400278682
400278683
400278684
400278685
400278686
400278687
400278688
400278689
400278690
400278691
400278692
400278693
400278694
400278695
400278696
400278697
400278698
400278699
400278700
400278701
400278702
400278703
400278704
400278705
400278706
400278707
400278708
400278709
400278710
400278711
400278712
400278713
400278714
400278715
400278716
400278717
400278718
400278719
400278720
400278721
400278722
400278723
400278724
400278725
400278726
400278727
400278728
400278729
400278730
400278731
400278732
400278733
400278734
400278735
400278736
400278737
400278738
400278739
400278740
400278741
400278742
400278743
400278744
400278745
400278746
400278747
400278748
400278749
400278750
400278751
400278752
400278753
400278754
400278755
400278756
400278757
400278758
400278759
400278760
400278761
400278762
400278763
400278764
400278765
400278766
400278767
400278768
400278769
400278770
400278771
400278772
400278773
400278774
400278775
400278776
400278777
400278778
400278779
400278780
400278781
400278782
400278783
400278784
400278785
400278786
400278787
400278788
400278789
400278790
400278791
400278792
400278793
400278794
400278795
400278796
400278797
400278798
400278799
400278800
400278801
400278802
400278803
400278804
400278805
400278806
400278807
400278808
400278809
400278810
400278811
400278812
400278813
400278814
400278815
400278816
400278817
400278818
400278819
400278820
400278821
400278822
400278823
400278824
400278825
400278826
400278827
400278828
400278829
400278830
400278831
400278832
400278833
400278834
400278835
400278836
400278837
400278838
400278839
400278840
400278841
400278842
400278843
400278844
400278845
400278847
400278848
400278849
400278846
400278850
400278851
400278852
400278853
400278854
400278855
400278856
400278857
400278858
400278859
400278860
400278861
400278862
400278863
400278864
400278865
400278866
400278867
400278868
400278869
400278870
400278871
400278872
400278873
400278874
400278875
400278876
400278877
400278878
400278879
400278880
400278881
400278882
400278883
400278884
400278885
400278886
400278887
400278888
400278889
400278890
400278891
400278892
400278893
400278894
400278895
400278896
400278897
400278898
400278899
400278900
400278901
400278902
400278903
400278904
400278905
400278906
400278907
400278908
400278909
400278910
400278911
400278912
400278913
400278914
400278915
400278916
400278917
400278918
400278919
400278920
400278921
400278922
400278923
400278924
400278925
400278926
400278927
400278928
400278929
400278930
400278931
400278932
400278934
400278933
400278935
400278936
400278937
400278938
400278939
400278940
400278941
400278942
400278943
400278944
400278945
400278946
400278947
400278948
400278949
400278950
400459776
400459943
400459778
400459975
400459777
400459787
400459775
400459779
400459947
400459977
400459786
400459959
400459944
400459780
400459980
400459788
400459793
400459951
400459978
400459960
400459789
400459945
400459952
400459979
400459984
400459781
400459961
400459955
400459790
400459946
400459953
400459985
400459782
400459948
400459981
400459962
400459986
400459783
400459974
400459949
400459963
400459987
400459982
400459784
400459976
400464192
400464191
400464356
400464174
400464340
400464337
400464357
400464175
400464359
400464339
400464338
400464341
400464459
400464463
400464455
400464467
400464460
400464464
400464456
400464468
400464461
400464469
400466474
400466475
400466594
400466595
400466476
400466596
400466477
400466597
400466598
400466599
400466600
400467195
400467334
400467335
400467336
400467337
400467338
400467339
